# 사업자등록번호만 한 줄에 하나씩 적으세요. 하이픈 있어도 됩니다.
# # 으로 시작하는 줄은 무시됩니다.
#
# python build_dart_registry.py 실행 시
# 같은 폴더의 dart_biz_master_list.csv(사업자번호,업체명,공시번호,종목코드)가 생성·갱신됩니다.
#
# 예시 (실제 번호로 바꿔 사용):
# 1248100998
1018109147
1018126409
1018163383
1018168210
1018171660
1018195610
1018642059
1018655141
1018678955
1028100358
1028111670
1028139251
1028139440
1028141121
1028141359
1028205476
1048101106
1048119101
1048125980
1048126067
1048136565
1048145690
1048176378
1048199352
1048203606
1048208353
1048209274
1048209634
1048526046
1048609535
1048629322
1048638840
1048639742
1048652503
1048653370
1048658598
1058104692
1058111908
1058145524
1058605788
1058614706
1058643574
1058686082
1058711399
1058733864
1058744546
1058746393
1058751367
1058816294
1068100011
1068101704
1068138502
1068151510
1068158037
1068196346
1068205895
1068211311
1068618229
1068643373
1068666487
1068668127
1068706394
1078130954
1078182864
1078213758
1078637025
1078685702
1078713471
1078729110
1078783297
1078836127
1088167492
1098128100
1098205569
1098537096
1108105034
1118803173
1128131178
1128511151
1138144055
1138523849
1138535627
1138674869
1138678735
1148100569
1148170065
1148172608
1148183347
1148601582
1148641435
1148652489
1148653270
1148720572
1168102919
1168109417
1168119123
1168119477
1168119948
1168130069
1168134177
1168143939
1168154775
1168169356
1168201348
1178113423
1178131135
1178162550
1198119350
1198134685
1198170643
1198522853
1198605259
1198620022
1198623145
1198649465
1198654968
1208101336
1208111421
1208115636
1208139185
1208142467
1208147521
1208148160
1208151097
1208188352
1208197322
1208515973
1208550081
1208603362
1208605491
1208628403
1208655953
1208666765
1208674979
1208680151
1208681617
1208693433
1208704918
1208727866
1208759505
1208776635
1208780686
1218162544
1218170248
1218528170
1218528210
1238128751
1238166212
1248125121
1248582187
1248600538
1248686370
1248730363
1248749810
1258101234
1258126555
1258154503
1268124808
1268556327
1268647204
1278208808
1288131815
1288133865
1288517669
1288561729
1288565856
1288703548
1298168203
1298202760
1298503192
1298518109
1298611103
1308561815
1328146054
1328517561
1328530943
1328536554
1348551022
1348623047
1358105033
1358111122
1388103238
1388104654
1388524115
1388703429
1398111288
1398137459
1398137667
1408523079
1418144972
1418512110
1428150856
1458600398
1538102451
1538703490
1558601981
1558802761
1598102139
1648600026
1649700696
1748701510
1808601691
1888801893
1898500784
2018120549
2018154791
2018155688
2018176174
2018177964
2018638914
2028138251
2028145602
2028154585
2048103990
2048129379
2048141179
2058202424
2058510283
2058600778
2068118164
2068125011
2068171795
2068525872
2088106344
2088113302
2098123948
2108141081
2108520600
2118119597
2118119938
2118179649
2118622189
2118631577
2118668230
2118690483
2118707735
2118719532
2118855608
2118870822
2118871379
2118879575
2118888337
2118895935
2128105946
2128207728
2128612307
2138140742
2138152063
2138632489
2148108779
2148116323
2148188356
2148196569
2148199488
2148205589
2148638356
2148639239
2148648586
2148649402
2148662782
2148668729
2148808220
2148808555
2148825078
2148837633
2158640781
2168118986
2178520799
2188100328
2188121342
2198500066
2208101830
2208102504
2208103371
2208103987
2208115601
2208131765
2208145177
2208155597
2208159249
2208162517
2208176893
2208182546
2208193927
2208520719
2208528953
2208540961
2208607635
2208611615
2208645056
2208715073
2208742885
2208760976
2208769701
2208777410
2208783590
2208787053
2208788765
2208788839
2208790830
2208791595
2208809321
2208818228
2208819101
2208819571
2208838020
2208839543
2208883511
2238108341
2278507925
2278508676
2298137000
2428800596
2458200220
2458600698
2458800111
2518600150
2568802180
2588700070
2618107437
2618123567
2628100209
2648114669
2648117458
2648128329
2728600540
2778700464
2848801847
3018540974
3048506693
3058138977
3088512498
3088601095
3108521350
3118516563
3128142519
3138133895
3148103453
3148126169
3148142683
3148511908
3178601314
3358101923
3508501712
3598802683
3618501032
3648600795
3678800819
3728600724
3748702744
3788500540
3788601279
3838501861
3908501248
3908701499
3948801955
3988100624
4028150705
4028519717
4048506163
4048601054
4048602621
4088100315
4088510368
4108532249
4108534500
4148501904
4178513146
4188108269
4348502950
4438602325
4458702221
4518102355
4548101883
4568100099
4638600976
4758102157
4798500106
4898500952
5028194212
5028532140
5028533625
5028543948
5028800197
5038108214
5048518111
5048608283
5058513365
5068511472
5148514387
5198501801
5238801043
5278601793
5288800132
5288800622
5298601182
5318602073
5518100278
5568101739
5698701168
5788102136
5788501116
5788702012
5858100058
5878701735
5908800990
5978200266
5978501024
6028516703
6038111270
6038802071
6048115788
6058509915
6068700134
6078126552
6078519670
6098123911
6098142811
6098517907
6108156858
6108511766
6128514847
6138165278
6158518629
6168520910
6178148252
6178524957
6198702671
6218537733
6488600674
6518501293
6718801814
6738501497
6868702399
6998500317
7018801906
7028500189
7078101512
7098102953
7148501880
7158501388
7168100915
7318501172
7318701176
7328602017
7458100271
7478100388
7528600032
7578101064
7648101136
7718501689
7758501769
7808700034
7878700729
7888500316
7938501578
7968802183
8078802144
8098101574
8108600658
8158800093
8238600673
8248102515
8368602172
8438601190
8448100772
8448600705
8618101247
8618101475
8648700609
8718102597
8788100208
8878500587
8878602224
8898800532
8918800985